%YAML:1.0
---
CameraMat: !!opencv-matrix
   rows: 3
   cols: 3
   dt: d
   data: [ 1.1976502156027000e+03, 0., 1.0025830511001000e+03, 0.,
       1.1977941740973999e+03, 5.0903498605540000e+02, 0., 0., 1. ]
DisCoffes: !!opencv-matrix
   rows: 1
   cols: 8
   dt: d
   data: [ 5.1268492177000002e+00, 5.3898227907000003e+00,
       -9.8964429999999991e-04, 2.5502169999999999e-04,
       5.1507523740000005e-01, 5.5430347119999999e+00,
       7.5311131993000000e+00, 2.1874372493999998e+00 ]
ExtrinsicRVec: !!opencv-matrix
   rows: 3
   cols: 1
   dt: d
   data: [ 1.9481396089355203e+00, 7.7164086762000874e-03,
       5.9928737712835044e-02 ]
ExtrinsicTVec: !!opencv-matrix
   rows: 3
   cols: 1
   dt: d
   data: [ 2.9586251724362583e-01, 4.6144019609645648e+00,
       -4.9414888598608293e+00 ]
