%YAML:1.0
---
CameraMat: !!opencv-matrix
   rows: 3
   cols: 3
   dt: d
   data: [ 1.3454169671890420e+03, 0., 9.7377156612227338e+02, 0.,
       1.3458751903762839e+03, 5.5082147092728383e+02, 0., 0., 1. ]
DisCoffes: !!opencv-matrix
   rows: 1
   cols: 5
   dt: d
   data: [ -4.4120450265041156e-01, 2.3436425321282409e-01,
       1.9134843767691049e-04, 2.0740573530485343e-05,
       -7.4540654956325281e-02 ]
ExtrinsicRVec: !!opencv-matrix
   rows: 3
   cols: 1
   dt: d
   data: [ 1.8427743083095702e+00, -1.4012333516276390e-02,
       3.1515022272140709e-02 ]
ExtrinsicTVec: !!opencv-matrix
   rows: 3
   cols: 1
   dt: d
   data: [ 4.1460884678056315e-01, 4.0861924627680777e+00,
       -5.1478229871440719e+00 ]
